FX-patternMAX 5 0;
FX vibrato 0.488189 16 0 0 0.488189 0 0.433071 1 0 0 0 0 0 0 0 0 0
0;
FX echo time 0.727273 16 0 0 0.727273 0.727273 0.828283 0.828283 0
0 0 0 0 0 0 0 0 0;
FX echo filtre 0.818182 16 0 0 0.818182 0.818182 0.818182 0.818182
0 0 0 0 0 0 0 0 0 0;
FX echo feed 0.494949 16 0 0 0.494949 0.494949 0.494949 0.494949 0
0 0 0 0 0 0 0 0 0;
FX echo vol 0.464646 16 0 0 0.464646 0.464646 0.464646 0.464646 0 0
0 0 0 0 0 0 0 0;
FX accord 0.110236 16 0.84252 0.110236 0.110236 0.968504 0.968504 0.968504
0 0 0 0 0 0 0 0 0 0;
rhythm1-2 0 16 0 0 0 0 0 0 0 0 0 0 0 0 0 0 0 0;
rhythm1-4 0 16 0 0 0 0 0 0 0 0 0 0 0 0 0 0 0 0;
rhythm1-6 0 16 0 0 0 0 0 0 0 0 0 0 0 0 0 0 0 0;
rhythm1-8 0 16 0 0 0 0 0 0 0 0 0 0 0 0 0 0 0 0;
rhythm1-7 0 16 0 0 0 0 0 0 0 0 0 0 0 0 0 0 0 0;
rhythm1-5 0 16 0 0 0 0 0 0 0 0 0 0 0 0 0 0 0 0;
rhythm1-3 0 16 0 0 0 0 0 0 0 0 0 0 0 0 0 0 0 0;
rhythm1-1 0 16 0 0 0 0 0 0 0 0 0 0 0 0 0 0 0 0;
