rhythm1-2 73 16 0 0 0 0 0 0 0 0 0 0 0 0 0 0 0 0;
rhythm1-4 157 16 0 0 0 0 0 0 0 0 0 0 0 0 0 0 0 0;
rhythm1-6 155 16 0 0 0 0 0 0 0 0 0 0 0 0 0 0 0 0;
rhythm1-8 99 16 0 0 0 0 0 0 0 0 0 0 0 0 0 0 0 0;
rhythm1-7 207 16 0 0 0 0 0 0 0 0 0 0 0 0 0 0 0 0;
rhythm1-5 115 16 0 0 0 0 0 0 0 0 0 0 0 0 0 0 0 0;
rhythm1-3 247 16 0 0 0 0 0 0 0 0 0 0 0 0 0 0 0 0;
rhythm1-1 117 16 0 0 0 0 0 0 0 0 0 0 0 0 0 0 0 0;
A-patternMAX 4 0;
A inst1-ortho1 f 59.1089 16 87.9798 55.4949 63.535 62.1814 110.909
0 0 0 0 0 0 0 0 0 0 0;
A inst1-ortho1 q 27.9941 16 50 50 1.02603 1.02603 1.02603 0 0 0 0 0
0 0 0 0 0 0;
A inst1-ortho1 db 27.6364 16 30 30 24.7475 24.7475 24.7475 0 0 0 0
0 0 0 0 0 0 0;
A inst1-disto1 vol 1 16 1 1 1 0.858586 0.808081 0 0 0 0 0 0 0 0 0 0
0;
A inst1-disto1 disto 0.380909 16 1 0.444444 0.30303 0.30303 0.343434
0 0 0 0 0 0 0 0 0 0 0;
A inst1-cheb1 coef4 0.272222 16 0 0 0.606061 0.747475 0.454545 0 0
0 0 0 0 0 0 0 0 0;
A inst1-cheb1 coef3 0.168384 16 0.363636 0.272727 0.040404 0.686869
0.858586 0 0 0 0 0 0 0 0 0 0 0;
A inst1-cheb1 coef2 0.836667 16 0.717172 1 0.636364 0.919192 0.888889
0 0 0 0 0 0 0 0 0 0 0;
A inst1-cheb1 coef1 0.966667 16 0.939394 0.939394 1 0.858586 0.444444
0 0 0 0 0 0 0 0 0 0 0;
A inst1-cheb1 vol 1 16 1 1 1 0.858586 0.777778 0 0 0 0 0 0 0 0 0 0
0;
A inst1-volume 0.922765 16 0.911392 0.911392 0.936709 1 0.936709 0
0 0 0 0 0 0 0 0 0 0;
A inst1-noise 0 16 0 0 0 0 0 0 0 0 0 0 0 0 0 0 0 0;
A inst1-decay 0.979084 16 0.43038 0.962025 1 0.936709 0.886076 0 0
0 0 0 0 0 0 0 0 0;
A inst1-attack 0.303451 16 0.227848 0.468354 0.101266 0.455696 0.278481
0 0 0 0 0 0 0 0 0 0 0;
A inst1-env2f 0.0278877 16 0 0.0506329 0 0 0 0 0 0 0 0 0 0 0 0 0 0
;
A inst1-freq 0.0467761 16 0.177215 0.0126582 0.0886076 0.253165 0.518987
0 0 0 0 0 0 0 0 0 0 0;
A inst1-autotune 0.428165 16 0.759494 0.759494 0.0219276 0.506329 0.658228
0 0 0 0 0 0 0 0 0 0 0;
A r1 tone 1.62263 16 1.53535 1.53535 1.72949 1.72949 1.72949 0 0 0
0 0 0 0 0 0 0 0;
A r1 time 3.52042 16 5.15754 5.15754 1.51152 1.51152 1.51152 0 0 0
0 0 0 0 0 0 0 0;
A r1 vol 0.194523 16 0.153846 0.153846 0.244397 0.461538 0.461538 0
0 0 0 0 0 0 0 0 0 0;
A echo1 time 0.448889 16 0.666667 0.666667 0.181818 0.777778 0.777778
0 0 0 0 0 0 0 0 0 0 0;
A echo1 filtre 0.795859 16 1 1 0.545455 0.494949 0.616162 0 0 0 0 0
0 0 0 0 0 0;
A echo1 feed 0.244141 16 0.0808081 0.0808081 0.444444 0 0.757576 0
0 0 0 0 0 0 0 0 0 0;
A echo1 vol 0.344545 16 0.131313 0.131313 0.606061 0.181818 0.626263
0 0 0 0 0 0 0 0 0 0 0;
A fl1 vol 0.858586 16 0.858586 0.858586 0.858586 0.858586 0.858586
0 0 0 0 0 0 0 0 0 0 0;
A fl1 filtre 1 16 1 1 1 1 1 0 0 0 0 0 0 0 0 0 0 0;
A fl1 feed 0.322727 16 0.585859 0.585859 0 0.353535 0.353535 0 0 0
0 0 0 0 0 0 0 0;
A fl1 time 0 16 0 0 0 0 0 0 0 0 0 0 0 0 0 0 0 0;
A fl1 rate 0.0272727 16 0 0 0.0606061 0.525253 0.525253 0 0 0 0 0 0
0 0 0 0 0;
A fl1 deph 0.0667677 16 0.121212 0.121212 0 0.777778 0.777778 0 0 0
0 0 0 0 0 0 0 0;
A fl1 bypass 0 16 0 0 0 0 0 0 0 0 0 0 0 0 0 0 0 0;
