FX-patternMAX 3 0;
FX disto1 vol 0 16 0 0 0.363636 0.363636 0 0 0 0 0 0 0 0 0 0 0 0.363636
;
FX disto1 disto 0 16 0 0 0.414141 0.606061 0 0 0 0 0 0 0 0 0 0 0 0.606061
;
FX r1 tone 0.464646 16 0.464646 0.464646 0.464646 0.464646 0 0 0 0
0 0 0 0 0 0 0 0.464646;
FX r1 time 1.44707 16 1.44707 1.44707 1.44707 1.44707 0 0 0 0 0 0 0
0 0 0 0 1.44707;
FX r1 vol 0.307692 16 0.307692 0.307692 0.307692 0.307692 0 0 0 0 0
0 0 0 0 0 0 0.307692;
FX echo1 time 0.606061 16 0.606061 0.686869 0.767677 0.808081 0 0 0
0 0 0 0 0 0 0 0 0.868687;
FX echo1 filtre 0.707071 16 0.707071 0.777778 0.777778 0.777778 0 0
0 0 0 0 0 0 0 0 0 0.777778;
FX echo1 feed 0.20202 16 0.20202 0 0.222222 0.0808081 0 0 0 0 0 0 0
0 0 0 0 0.0808081;
FX echo1 vol 0.222222 16 0.222222 0.454545 0.454545 0.191919 0 0 0
0 0 0 0 0 0 0 0 0.252525;
FX fl1 vol 1 16 1 1 1 1 0 0 0 0 0 0 0 0 0 0 0 1;
FX fl1 filtre 0.414141 16 0.414141 0.363636 0.363636 0.363636 0 0 0
0 0 0 0 0 0 0 0 0.363636;
FX fl1 feed 0 16 0 0 0 0 0 0 0 0 0 0 0 0 0 0 0 0;
FX fl1 time 0 16 0 0 0 0 0 0 0 0 0 0 0 0 0 0 0 0;
FX fl1 rate 0 16 0 0 0 0 0 0 0 0 0 0 0 0 0 0 0 0;
FX fl1 deph 0 16 0 0 0 0 0 0 0 0 0 0 0 0 0 0 0 0;
FX fl1 bypass 0 16 0 0 0 0 0 0 0 0 0 0 0 0 0 0 0 0;
A-patternMAX 0 0;
