rhythm1-2 65 16 0 0 0 0 0 0 0 0 0 0 0 0 0 0 0 0;
rhythm1-4 73 16 0 0 0 0 0 0 0 0 0 0 0 0 0 0 0 0;
rhythm1-6 179 16 0 0 0 0 0 0 0 0 0 0 0 0 0 0 0 0;
rhythm1-8 63 16 0 0 0 0 0 0 0 0 0 0 0 0 0 0 0 0;
rhythm1-7 149 16 0 0 0 0 0 0 0 0 0 0 0 0 0 0 0 0;
rhythm1-5 155 16 0 0 0 0 0 0 0 0 0 0 0 0 0 0 0 0;
rhythm1-3 161 16 0 0 0 0 0 0 0 0 0 0 0 0 0 0 0 0;
rhythm1-1 1 16 0 0 0 0 0 0 0 0 0 0 0 0 0 0 0 0;
A-patternMAX 4 0;
A inst1-ortho1 f 46.0743 16 46.0202 47.3737 44.6667 46.0202 67.6768
0 0 0 0 0 0 0 0 0 0 46.0202;
A inst1-ortho1 q 4.99393 16 3.58057 6.29961 3.58057 3.58057 4.90077
0 0 0 0 0 0 0 0 0 0 3.58057;
A inst1-ortho1 db 17.0263 16 23.4343 20.8081 12.9293 12.9293 12.9293
0 0 0 0 0 0 0 0 0 0 12.9293;
A inst1-disto1 vol 0.767677 16 0.929293 0.767677 0.767677 0.767677
0.767677 0 0 0 0 0 0 0 0 0 0 0.929293;
A inst1-disto1 disto 0.56404 16 0.414141 0.525253 0.606061 0.666667
0.666667 0 0 0 0 0 0 0 0 0 0 0.414141;
A inst1-cheb1 coef4 0 16 0 0 0 0 0.777778 0 0 0 0 0 0 0 0 0 0 0;
A inst1-cheb1 coef3 0 16 0 0 0 0.565657 0.565657 0 0 0 0 0 0 0 0 0
0 0;
A inst1-cheb1 coef2 0.666667 16 0.666667 0.666667 0.666667 0.767677
0.767677 0 0 0 0 0 0 0 0 0 0 0.666667;
A inst1-cheb1 coef1 0.909091 16 0.909091 0.909091 0.909091 0.909091
0.909091 0 0 0 0 0 0 0 0 0 0 0.909091;
A inst1-cheb1 vol 0.717172 16 0.717172 0.717172 0.717172 0.717172 0.717172
0 0 0 0 0 0 0 0 0 0 0.717172;
A inst1-volume 0.860886 16 0.860886 0.860886 0.860886 0.860886 0.848101
0 0 0 0 0 0 0 0 0 0 0.860886;
A inst1-noise 0 16 0 0 0 0 0 0 0 0 0 0 0 0 0 0 0 0;
A inst1-decay 1 16 1 1 1 1 1 0 0 0 0 0 0 0 0 0 0 1;
A inst1-attack 0.367089 16 0.367089 0.367089 0.367089 0.367089 0.531646
0 0 0 0 0 0 0 0 0 0 0.367089;
A inst1-env2f 0 16 0 0 0 0 0 0 0 0 0 0 0 0 0 0 0 0;
A inst1-freq 0.133759 16 0.253165 0 0.278481 0 0.164557 0 0 0 0 0 0
0 0 0 0 0.0506329;
A inst1-autotune 0.556962 16 0.556962 0.556962 0.556962 0.556962 0.556962
0 0 0 0 0 0 0 0 0 0 0.556962;
FX-patternMAX 4 0;
FX r1 tone 1.53535 16 1.53535 1.53535 1.53535 1.53535 1.53535 1.53535
0 0 0 0 0 0 0 0 0 0;
FX r1 time 5.15754 16 5.15754 5.15754 5.15754 5.15754 5.15754 5.15754
0 0 0 0 0 0 0 0 0 0;
FX r1 vol 0 16 0 0 0 0 0 0 0 0 0 0 0 0 0 0 0 0;
FX echo1 time 0.666667 16 0.666667 0.666667 0.666667 0.757576 0.848485
0.686869 0 0 0 0 0 0 0 0 0 0;
FX echo1 filtre 0.717172 16 0.717172 0.717172 0.717172 0.717172 0.717172
0.949495 0 0 0 0 0 0 0 0 0 0;
FX echo1 feed 0.191919 16 0.191919 0.191919 0.191919 0.252525 0.252525
0.323232 0 0 0 0 0 0 0 0 0 0;
FX echo1 vol 0 16 0 0 0.393939 0.343434 0.444444 0.353535 0 0 0 0 0
0 0 0 0 0;
FX fl1 vol 0.858586 16 0.858586 0.858586 0.858586 0.858586 0.858586
0.858586 0 0 0 0 0 0 0 0 0 0;
FX fl1 filtre 1 16 1 1 1 1 1 1 0 0 0 0 0 0 0 0 0 0;
FX fl1 feed 0 16 0 0.444444 0.444444 0.20202 0 0 0 0 0 0 0 0 0 0 0
0;
FX fl1 time 0 16 0 0 0 0 0 0 0 0 0 0 0 0 0 0 0 0;
FX fl1 rate 0.0707071 16 0.0707071 0.0707071 0.0707071 0.0707071 0.0707071
0.0707071 0 0 0 0 0 0 0 0 0 0;
FX fl1 deph 0.20202 16 0.20202 0.20202 0.20202 0.585859 0.585859 0.585859
0 0 0 0 0 0 0 0 0 0;
FX fl1 bypass 0 16 0 0 0 0 0 0 0 0 0 0 0 0 0 0 0 0;
