rhythm1-2 73 16 0 0 0 0 0 0 0 0 0 0 0 0 0 0 0 0;
rhythm1-4 69 16 0 0 0 0 0 0 0 0 0 0 0 0 0 0 0 0;
rhythm1-6 145 16 0 0 0 0 0 0 0 0 0 0 0 0 0 0 0 0;
rhythm1-8 255 16 0 0 0 0 0 0 0 0 0 0 0 0 0 0 0 0;
rhythm1-7 219 16 0 0 0 0 0 0 0 0 0 0 0 0 0 0 0 0;
rhythm1-5 65 16 0 0 0 0 0 0 0 0 0 0 0 0 0 0 0 0;
rhythm1-3 68 16 0 0 0 0 0 0 0 0 0 0 0 0 0 0 0 0;
rhythm1-1 17 16 0 0 0 0 0 0 0 0 0 0 0 0 0 0 0 0;
A-patternMAX 4 0;
A inst1-ortho1 f 82.4844 16 112.262 123.091 112.262 105.495 82.4844
0 0 0 0 0 0 0 0 0 0 0;
A inst1-ortho1 q 1.69535 16 1.69535 1.69535 4.62866 1.69535 1.69535
0 0 0 0 0 0 0 0 0 0 0;
A inst1-ortho1 db 30 16 30 30 30 30 30 0 0 0 0 0 0 0 0 0 0 0;
A inst1-disto1 vol 0.979798 16 0.979798 0.979798 1 0.979798 0.979798
0 0 0 0 0 0 0 0 0 0 0;
A inst1-disto1 disto 0.553838 16 0.301313 0.331616 0.37202 0.553838
0.553838 0 0 0 0 0 0 0 0 0 0 0;
A inst1-cheb1 coef4 0.351212 16 0.149192 0.149192 0.351212 0.351212
0.351212 0 0 0 0 0 0 0 0 0 0 0;
A inst1-cheb1 coef3 1 16 0.969697 0.969697 1 1 1 0 0 0 0 0 0 0 0 0
0 0;
A inst1-cheb1 coef2 0.838384 16 0.808081 0.747475 0.838384 0.838384
0.838384 0 0 0 0 0 0 0 0 0 0 0;
A inst1-cheb1 coef1 0.313131 16 0.79798 0.252525 0.313131 0.313131
0.313131 0 0 0 0 0 0 0 0 0 0 0;
A inst1-cheb1 vol 0.919192 16 0.919192 0.919192 1 0.919192 0.919192
0 0 0 0 0 0 0 0 0 0 0;
A inst1-volume 0.518987 16 0.696203 0.544304 0.607595 0.468354 0.518987
0 0 0 0 0 0 0 0 0 0 0;
A inst1-noise 1 16 1 1 1 1 1 0 0 0 0 0 0 0 0 0 0 0;
A inst1-decay 0.227848 16 0.265823 0.43038 0.303797 0.303797 0.227848
0 0 0 0 0 0 0 0 0 0 0;
A inst1-attack 0 16 0 0 0 0 0 0 0 0 0 0 0 0 0 0 0 0;
A inst1-env2f 1 16 1 1 1 1 1 0 0 0 0 0 0 0 0 0 0 0;
A inst1-freq 1 16 0 0 0.392405 0.64557 1 0 0 0 0 0 0 0 0 0 0 0;
A inst1-autotune 0.0219276 16 0.0219276 0.0219276 0.0219276 0.0219276
0.0219276 0 0 0 0 0 0 0 0 0 0 0;
FX-patternMAX 4 0;
FX r1 tone 1.53535 16 1.53535 1.72949 1.93939 1.93939 1.93939 0 0 0
0 0 0 0 0 0 0 0;
FX r1 time 5.15754 16 5.15754 1.51152 0.375747 0.375747 0.375747 0
0 0 0 0 0 0 0 0 0 0;
FX r1 vol 0 16 0 0.538462 0.769231 0.538462 0.538462 0 0 0 0 0 0 0
0 0 0 0;
FX echo1 time 0.666667 16 0.666667 0.555556 0.40404 0.40404 0.818182
0 0 0 0 0 0 0 0 0 0 0;
FX echo1 filtre 0.717172 16 0.717172 1 1 1 0.808081 0 0 0 0 0 0 0 0
0 0 0;
FX echo1 feed 0.191919 16 0.191919 0.313131 0.686869 0.686869 0.353535
0 0 0 0 0 0 0 0 0 0 0;
FX echo1 vol 0 16 0 0 0 0 0.626263 0 0 0 0 0 0 0 0 0 0 0;
FX fl1 vol 1 16 1 1 1 1 1 0 0 0 0 0 0 0 0 0 0 0;
FX fl1 filtre 1 16 1 1 1 1 1 0 0 0 0 0 0 0 0 0 0 0;
FX fl1 feed 0 16 0 0 0 0.484848 0.484848 0 0 0 0 0 0 0 0 0 0 0;
FX fl1 time 0 16 0 0 0 0 0 0 0 0 0 0 0 0 0 0 0 0;
FX fl1 rate 0.0707071 16 0.0707071 0.0814141 0.0814141 0.0108081 0.0108081
0 0 0 0 0 0 0 0 0 0 0;
FX fl1 deph 0.20202 16 0.20202 0.20202 0.20202 0.535354 0.535354 0
0 0 0 0 0 0 0 0 0 0;
FX fl1 bypass 0 16 0 0 0 0 0 0 0 0 0 0 0 0 0 0 0 0;
