rhythm1-2 170 16 0 0 0 0 0 0 0 0 0 0 0 0 0 0 0 0;
rhythm1-4 0 16 0 0 0 0 0 0 0 0 0 0 0 0 0 0 0 0;
rhythm1-6 0 16 0 0 0 0 0 0 0 0 0 0 0 0 0 0 0 0;
rhythm1-8 83 16 0 0 0 0 0 0 0 0 0 0 0 0 0 0 0 0;
rhythm1-7 26 16 0 0 0 0 0 0 0 0 0 0 0 0 0 0 0 0;
rhythm1-5 74 16 0 0 0 0 0 0 0 0 0 0 0 0 0 0 0 0;
rhythm1-3 21 16 0 0 0 0 0 0 0 0 0 0 0 0 0 0 0 0;
rhythm1-1 8 16 0 0 0 0 0 0 0 0 0 0 0 0 0 0 0 0;
A-patternMAX 3 0;
A inst1-ortho1 f 71.7374 16 71.7374 71.7374 71.7374 71.7374 0 0 0 0
0 0 0 0 0 0 0 0;
A inst1-ortho1 q 50 16 50 50 50 50 0 0 0 0 0 0 0 0 0 0 0 0;
A inst1-ortho1 db 30 16 30 30 30 30 0 0 0 0 0 0 0 0 0 0 0 0;
A inst1-disto1 vol 0.959596 16 0.959596 0.959596 0.959596 0.959596
0 0 0 0 0 0 0 0 0 0 0 0;
A inst1-disto1 disto 0.333333 16 0.333333 0.333333 0.333333 0.333333
0 0 0 0 0 0 0 0 0 0 0 0;
A inst1-cheb1 coef4 0.606061 16 0.606061 0.606061 0.606061 0.606061
0 0 0 0 0 0 0 0 0 0 0 0;
A inst1-cheb1 coef3 0.121212 16 0.121212 0.121212 0.121212 0.121212
0 0 0 0 0 0 0 0 0 0 0 0;
A inst1-cheb1 coef2 0.616162 16 0.616162 0.616162 0.616162 0.616162
0 0 0 0 0 0 0 0 0 0 0 0;
A inst1-cheb1 coef1 0 16 0 0 0 0 0 0 0 0 0 0 0 0 0 0 0 0;
A inst1-cheb1 vol 0.777778 16 0.777778 0.777778 0.777778 0.777778 0
0 0 0 0 0 0 0 0 0 0 0;
A inst1-volume 0.936709 16 0.936709 0.936709 0.936709 0.936709 0 0
0 0 0 0 0 0 0 0 0 0;
A inst1-noise 0.796324 16 0.848101 0.582278 0.936709 0.936709 0 0 0
0 0 0 0 0 0 0 0 0;
A inst1-decay 0.758255 16 0.708861 0.949367 0.632911 0.632911 0 0 0
0 0 0 0 0 0 0 0 0;
A inst1-attack 0.313423 16 0 0 0.518987 0.518987 0 0 0 0 0 0 0 0 0
0 0 0;
A inst1-env2f 0.073071 16 0.341772 0.126582 0.0379747 0.0379747 0 0
0 0 0 0 0 0 0 0 0 0;
A inst1-freq 0.584909 16 0.56962 0.56962 0.594937 0.835443 0 0 0 0
0 0 0 0 0 0 0 0;
A inst1-autotune 0.0126582 16 0.0126582 0.0126582 0.0126582 0.0126582
0 0 0 0 0 0 0 0 0 0 0 0;
FX-patternMAX 3 0;
FX r1 tone 1.53636 16 1.53535 1.72942 1.72942 1.72942 0 0 0 0 0 0 0
0 0 0 0 0;
FX r1 time 5.13885 16 5.15754 1.51152 1.51152 1.51152 0 0 0 0 0 0 0
0 0 0 0 0;
FX r1 vol 0.575096 16 0.576923 0.244397 0.244397 0.461538 0 0 0 0 0
0 0 0 0 0 0 0;
FX echo1 time 0.666061 16 0.666667 0.555556 0.181818 0.777778 0 0 0
0 0 0 0 0 0 0 0 0;
FX echo1 filtre 0.183333 16 0.717172 1 0.545455 0.616162 0 0 0 0 0
0 0 0 0 0 0 0;
FX echo1 feed 0.353535 16 0.191919 0.313131 1 0 0 0 0 0 0 0 0 0 0 0
0 0;
FX echo1 vol 0.474747 16 0.393939 0.30303 0.767677 0.767677 0 0 0 0
0 0 0 0 0 0 0 0;
FX fl1 vol 0.939394 16 0.858586 0.858586 0.858586 0.858586 0 0 0 0
0 0 0 0 0 0 0 0;
FX fl1 filtre 0.575758 16 1 1 1 1 0 0 0 0 0 0 0 0 0 0 0 0;
FX fl1 feed 0.415859 16 0.414141 0.727273 0 0.353535 0 0 0 0 0 0 0
0 0 0 0 0;
FX fl1 time 0 16 0 0 0 0 0 0 0 0 0 0 0 0 0 0 0 0;
FX fl1 rate 0.212121 16 0.0707071 0.0814141 0.0606061 0.525253 0 0
0 0 0 0 0 0 0 0 0 0;
FX fl1 deph 0.494949 16 0.20202 0.20202 0 0.777778 0 0 0 0 0 0 0 0
0 0 0 0;
FX fl1 bypass 0 16 0 0 0 0 0 0 0 0 0 0 0 0 0 0 0 0;
