rhythm1-2 65 16 0 0 0 0 0 0 0 0 0 0 0 0 0 0 0 0;
rhythm1-4 51 16 0 0 0 0 0 0 0 0 0 0 0 0 0 0 0 0;
rhythm1-6 105 16 0 0 0 0 0 0 0 0 0 0 0 0 0 0 0 0;
rhythm1-8 255 16 0 0 0 0 0 0 0 0 0 0 0 0 0 0 0 0;
rhythm1-7 229 16 0 0 0 0 0 0 0 0 0 0 0 0 0 0 0 0;
rhythm1-5 133 16 0 0 0 0 0 0 0 0 0 0 0 0 0 0 0 0;
rhythm1-3 129 16 0 0 0 0 0 0 0 0 0 0 0 0 0 0 0 0;
rhythm1-1 17 16 0 0 0 0 0 0 0 0 0 0 0 0 0 0 0 0;
A-patternMAX 3 0;
A inst1-ortho1 f 60.8279 16 60.8279 60.8279 60.8279 60.8279 55.4137
0 0 0 0 0 0 0 0 0 0 0;
A inst1-ortho1 q 1.02603 16 1.02603 1.02603 1.02603 1.02603 4.34703
0 0 0 0 0 0 0 0 0 0 0;
A inst1-ortho1 db 24.7475 16 24.7475 24.7475 24.7475 24.7475 24.7475
0 0 0 0 0 0 0 0 0 0 0;
A inst1-disto1 vol 0.606061 16 1 1 1 0.606061 0.424242 0 0 0 0 0 0
0 0 0 0 0;
A inst1-disto1 disto 0.373737 16 0.305354 0.282222 0.393333 0.373737
0.50505 0 0 0 0 0 0 0 0 0 0 0;
A inst1-cheb1 coef4 0.333333 16 0.132424 0 0.494949 0.333333 0.555556
0 0 0 0 0 0 0 0 0 0 0;
A inst1-cheb1 coef3 0.69697 16 0.105051 0 0.232323 0.69697 0.69697
0 0 0 0 0 0 0 0 0 0 0;
A inst1-cheb1 coef2 1 16 0 0 0 1 0.727273 0 0 0 0 0 0 0 0 0 0 0;
A inst1-cheb1 coef1 0.494949 16 1 1 1 0.494949 0.494949 0 0 0 0 0 0
0 0 0 0 0;
A inst1-cheb1 vol 0.777778 16 0.777778 0.777778 0.777778 0.777778 0.777778
0 0 0 0 0 0 0 0 0 0 0;
A inst1-volume 0.949367 16 0.949367 0.949367 0.670886 0.949367 0.949367
0 0 0 0 0 0 0 0 0 0 0;
A inst1-noise 0.0759494 16 0 0.113924 0.113924 0.0759494 0.113924 0
0 0 0 0 0 0 0 0 0 0;
A inst1-decay 0.708861 16 0.810127 1 0.64557 0.708861 0.620253 0 0
0 0 0 0 0 0 0 0 0;
A inst1-attack 0.139241 16 0.417722 0.126582 0.126582 0.139241 0.594937
0 0 0 0 0 0 0 0 0 0 0;
A inst1-env2f 0.265823 16 0.240506 0.265823 0.265823 0.265823 0.265823
0 0 0 0 0 0 0 0 0 0 0;
A inst1-freq 0.0886076 16 0.227848 0.35443 0.35443 0.0886076 0.21519
0 0 0 0 0 0 0 0 0 0 0;
A inst1-autotune 0 16 0 0 0 0 0 0 0 0 0 0 0 0 0 0 0 0;
FX-patternMAX 3 0;
FX r1 tone 1.53616 16 1.53616 1.53616 1.17657 1.72768 0 0 0 0 0 0 0
0 0 0 0 0;
FX r1 time 5.14196 16 5.14196 5.14196 5.07702 7.45605 0 0 0 0 0 0 0
0 0 0 0 0;
FX r1 vol 0 16 0 0 0.497676 0.730769 0 0 0 0 0 0 0 0 0 0 0 0;
FX echo1 time 0.666162 16 0.666162 0.666162 0.674343 0.352424 0 0 0
0 0 0 0 0 0 0 0 0;
FX echo1 filtre 0.718384 16 0.718384 0.718384 0.626667 0.920202 0 0
0 0 0 0 0 0 0 0 0 0;
FX echo1 feed 0.192424 16 0.192424 0.0611111 0.0631313 0.0927273 0
0 0 0 0 0 0 0 0 0 0 0;
FX echo1 vol 0 16 0 0.373737 0.517879 0.760404 0 0 0 0 0 0 0 0 0 0
0 0;
FX fl1 vol 1 16 1 1 1 1 0 0 0 0 0 0 0 0 0 0 0 0;
FX fl1 filtre 1 16 1 1 0.68101 1 0 0 0 0 0 0 0 0 0 0 0 0;
FX fl1 feed 0 16 0 0 0 0.350202 0 0 0 0 0 0 0 0 0 0 0 0;
FX fl1 time 0 16 0 0 0 0 0 0 0 0 0 0 0 0 0 0 0 0;
FX fl1 rate 0.0707071 16 0.0707071 0.0707071 0.354747 0.520909 0 0
0 0 0 0 0 0 0 0 0 0;
FX fl1 deph 0.20202 16 0.20202 0.20202 0.52596 0.772323 0 0 0 0 0 0
0 0 0 0 0 0;
FX fl1 bypass 0 16 0 0 0 0 0 0 0 0 0 0 0 0 0 0 0 0;
